ACI - Lauscher Corpus >> 05_05
Accurracy:	0.5083310570882272
Precision:	0.07261872244117532
Recall:	0.14285714285714285
F1-Score:	0.0962901640192477
