ACI - Stab Corpus >> 05_05
Accurracy:	0.43634433639227505
Precision:	0.06233490519889644
Recall:	0.14285714285714285
F1-Score:	0.08679660387768239
